&INPUT
 NC=0          ,
 NFREQ=135        ,
 TL=  102.400002    ,
 AW=  1.00000000    ,
 NR=36         ,
 NS=1          ,
 XL=  3000000.00    ,
 IKMAX=200000     ,
 UCONV=  9.99999996E-13,
 FREF=  1.00000000    ,
 /
